147
69
72
96
153
131
81
94
73
95
83
81
102
146
111
62
94
221
87
81
112
85
125
97
89
91
80
77
93
86
81
117
116
67
70
98
90
62
105
128
63
70
103
116
114
93
73
67
206
89
87
72
145
91
95
101
84
161
53
115
98
91
98
67
145
87
129
65
75
138
128
173
75
113
85
100
103
120
76
84
116
194
83
141
104
66
96
77
96
121
109
89
89
75
91
68
94
56
90
183
74
98
164
83
75
76
90
112
93
60
74
64
121
62
78
122
126
72
66
90
75
69
93
161
111
61
63
91
192
82
111
80
109
159
100
76
64
238
96
88
62
85
114
83
119
134
120
136
68
87
62
87
95
70
93
102
67
96
94
113
91
83
117
102
85
121
100
64
116
58
113
127
66
81
97
90
232
85
102
70
113
83
107
80
88
89
103
114
93
81
94
71
106
161
107
101
101
71
95
96
82
101
127
85
81
63
76
93
68
92
78
116
79
90
69
97
151
153
87
104
118
96
92
118
115
91
124
56
59
94
122
111
60
97
131
95
112
72
86
93
62
117
117
70
101
103
74
51
100
74
99
70
90
107
122
79
126
62
89
96
99
59
79
107
55
101
85
138
82
74
158
120
112
76
158
70
123
88
81
87
91
105
96
79
101
112
70
108
140
125
180
83
107
125
134
54
113
80
75
69
83
100
68
118
82
90
95
84
89
148
88
92
72
113
132
98
94
109
121
71
67
89
120
102
113
106
112
108
119
107
219
65
96
169
120
87
67
80
89
150
167
65
137
171
138
159
125
66
130
81
114
108
112
118
66
98
101
81
88
159
99
67
179
97
61
103
130
94
70
132
57
119
99
143
107
51
63
63
141
111
69
98
83
206
85
95
78
60
97
93
61
60
61
71
162
85
133
88
87
91
119
114
100
94
74
79
85
74
79
116
172
115
162
124
81
105
106
106
66
105
100
80
111
77
103
72
68
209
119
81
74
137
62
134
90
93
119
88
116
73
78
104
70
99
123
75
85
88
92
94
86
78
75
80
83
89
95
83
75
75
79
86
123
59
142
112
150
76
94
75
85
93
88
91
69
77
69
70
113
68
112
74
96
98
68
94
76
157
110
71
76
97
82
59
169
96
128
106
75
186
99
90
87
96
118
115
102
108
75
92
78
102
103
82
79
108
103
129
98
98
101
77
105
189
81
75
155
84
131
61
64
48
61
82
127
94
139
105
80
105
84
87
151
110
109
62
75
76
81
149
118
105
107
98
163
85
100
86
68
88
105
93
95
117
107
114
57
96
81
64
65
144
146
119
112
68
85
108
81
97
102
143
94
99
88
117
79
142
115
135
96
70
65
82
74
105
105
79
56
107
90
80
62
55
94
134
93
68
153
69
67
82
119
192
145
52
144
162
136
52
66
67
96
63
94
89
79
58
97
116
96
126
86
106
83
105
123
112
63
63
152
74
112
80
107
135
111
75
143
185
66
84
78
82
90
111
90
90
81
67
65
120
78
203
93
70
187
75
105
80
70
85
127
127
147
97
83
91
52
183
112
125
79
101
57
106
127
153
100
133
78
101
94
84
102
61
100
93
89
92
114
105
106
112
127
121
81
103
68
176
102
91
88
79
115
108
76
109
79
91
101
68
157
63
76
91
91
189
82
57
90
198
96
112
88
104
74
76
134
57
81
83
89
98
111
61
118
96
91
95
98
155
108
101
147
71
94
85
94
106
79
87
93
133
83
71
103
69
113
99
64
77
97
110
95
113
81
92
87
88
96
144
156
86
124
88
83
82
84
114
92
92
118
127
93
80
104
107
78
111
100
88
89
92
109
63
105
105
72
68
81
104
78
166
117
149
79
99
84
73
115
90
107
84
122
140
147
113
94
107
77
77
89
139
92
97
124
114
75
93
80
132
142
80
128
92
129
100
139
103
65
76
150
85
121
107
73
139
79
70
78
73
68
75
78
76
56
88
139
86
127
104
58
74
83
97
99
69
136
85
89
91
130
77
98
58
115
109
80
67
86
84
120
65
84
79
151
102
79
198
74
79
69
118
105
75
89
55
95
80
108
77
127
82
76
139
114
67
77
123
92
92
108
83
121
71
199
84
147
67
78
77
80
123
71
117
99
102
129
110
84
89
99
98
149
90
89
67
90
70
91
129
87
111
121
116
100
98
89
100
65
110
96
136
96
71
79
93
95
81
59
69
65
77
81
123
79
311
68
84
93
152
149
166
99
74
64
107
117
102
80
94
96
108
109
103
194
79
241
134
105
83
127
64
106
100
114
107
94
83
68
154
74
79
87
108
123
75
69
99
96
74
77
82
123
171
80
174
139
72
177
164
86
99
134
85
86
88
78
108
104
103
97
101
77
113
77
74
89
78
171
77
94
115
102
91
74
58
97
147
88
72
84
115
58
144
82
102
86
114
79
64
64
81
65
87
113
88
72
62
87
124
88
124
83
71
105
137
68
116
67
99
126
73
87
73
88
82
126
85
100
93
80
320
84
133
85
75
82
89
99
84
101
244
154
118
132
154
76
81
113
51
79
119
76
131
65
89
63
90
68
91
143
152
85
61
116
71
113
80
124
101
86
49
73
116
90
73
72
77
87
69
102
97
56
70
113
97
83
87
113
70
62
78
98
78
80
54
126
81
83
73
100
75
94
98
74
120
88
67
97
80
102
94
89
66
80
94
73
100
77
103
79
97
123
86
68
64
156
107
83
93
57
103
80
189
247
63
150
117
79
106
68
99
114
118
73
97
79
57
87
101
90
85
110
112
74
160
134
66
115
70
85
66
65
56
82
149
87
75
97
76
335
116
90
114
95
99
118
103
86
79
146
153
111
77
93
171
117
117
90
130
63
197
83
79
128
77
86
92
76
74
90
71
108
91
80
94
67
89
74
146
160
133
131
86
82
86
87
105
72
121
113
79
66
112
101
113
165
149
75
96
62
132
65
104
77
56
82
103
141
95
74
75
110
128
70
79
96
119
86
89
90
102
124
72
92
75
49
160
91
87
78
114
65
149
108
124
80
99
89
81
76
83
99
84
76
67
64
86
78
96
93
88
92
49
99
59
127
135
53
76
98
70
135
76
65
86
109
76
58
103
91
119
80
85
60
131
61
92
67
71
117
96
97
89
190
108
115
75
72
86
88
97
87
85
82
94
57
70
74
79
90
65
86
121
204
137
93
113
97
98
126
101
82
149
137
96
102
71
104
79
93
77
84
118
65
92
97
79
96
163
84
73
92
80
82
110
94
66
95
112
83
85
83
98
115
65
133
71
119
81
113
157
117
107
118
73
92
82
68
98
114
72
94
103
144
110
164
83
88
97
61
94
78
77
78
85
97
90
69
76
95
89
107
110
101
84
99
141
70
109
78
170
85
96
76
107
76
83
97
78
130
113
97
112
92
86
98
97
93
98
105
103
106
83
86
92
100
75
114
114
247
119
73
89
123
83
104
117
85
93
192
83
108
117
91
95
113
79
61
82
88
96
109
75
97
134
101
159
96
70
102
66
88
117
89
74
95
81
223
76
136
76
138
115
96
106
139
137
101
109
150
170
51
75
75
120
102
165
79
66
90
103
132
95
70
77
128
103
83
80
132
145
81
86
85
130
76
108
98
148
79
106
112
118
100
140
105
92
82
120
110
161
55
88
175
130
161
94
79
151
58
116
99
69
59
82
84
82
56
50
141
122
71
119
74
109
65
106
78
117
69
149
89
69
101
85
99
60
68
71
125
77
87
111
90
88
61
170
68
92
183
77
88
77
203
101
383
74
135
79
157
85
145
92
63
57
107
70
71
78
222
95
59
112
91
101
164
109
90
83
124
75
84
125
62
101
107
87
104
100
105
55
153
76
64
117
60
67
127
65
80
98
98
85
77
96
70
100
167
207
168
82
63
78
102
77
154
106
131
122
119
83
88
63
79
116
105
101
78
114
73
71
95
110
85
136
105
171
75
60
120
49
131
116
72
100
95
82
105
103
114
79
154
176
198
88
73
98
82
70
97
166
66
159
92
178
100
89
70
163
55
51
78
90
96
95
88
235
112
97
156
123
149
96
151
117
121
92
203
117
95
109
75
98
91
70
120
104
111
81
85
82
74
84
57
64
102
106
107
91
86
88
147
74
85
137
82
108
100
65
100
142
100
101
137
108
124
94
101
113
99
52
154
141
46
194
120
59
112
112
79
137
95
70
86
77
88
97
122
103
73
69
76
107
82
119
74
96
71
79
80
95
67
178
100
115
88
103
101
83
82
80
73
122
103
68
159
103
130
125
75
68
119
99
109
80
65
56
77
58
60
67
82
96
83
68
130
66
79
108
91
97
96
86
78
103
79
65
58
111
65
147
142
120
81
134
218
179
144
95
99
92
75
89
70
88
145
185
182
134
115
134
94
130
107
88
128
129
68
99
80
86
107
87
115
167
148
51
90
123
85
104
156
104
88
83
58
91
158
85
116
99
80
84
86
104
87
127
104
75
89
105
115
68
70
63
121
150
164
85
70
98
105
85
86
94
65
88
68
60
40
148
47
167
82
64
50
70
38
51
127
65
84
47
97
47
55
43
49
75
75
85
51
71
98
52
99
50
43
71
126
56
60
47
40
65
60
41
92
101
78
58
55
107
68
77
63
131
179
79
63
75
39
42
40
94
48
56
88
46
36
58
60
48
56
69
60
93
56
50
83
64
187
109
51
43
52
62
78
81
85
41
112
74
72
51
85
55
131
41
80
34
73
37
84
57
72
75
137
95
71
81
83
74
59
61
39
55
102
39
70
61
122
52
85
55
48
105
94
43
59
125
44
161
90
66
79
71
116
62
43
102
78
100
99
69
47
45
153
77
54
79
50
42
57
62
93
51
40
77
68
58
49
119
55
46
53
47
76
85
57
55
47
53
73
48
80
51
55
64
71
64
54
70
79
42
76
59
63
46
72
77
58
97
64
59
64
65
72
60
50
46
73
76
58
56
87
44
59
166
129
59
43
113
111
79
115
63
72
171
75
85
50
40
49
70
68
50
49
40
46
131
65
55
42
61
48
87
46
52
161
51
78
82
57
50
64
60
67
84
56
63
64
39
106
49
39
70
110
38
53
47
60
58
92
36
77
111
50
49
71
89
61
72
55
148
60
54
135
50
76
70
75
51
48
66
50
40
51
35
49
95
95
89
81
45
70
73
77
155
60
50
92
59
48
48
53
39
117
77
92
48
72
77
40
64
91
76
52
58
96
84
43
86
55
186
66
59
66
109
71
101
61
106
45
42
50
94
69
111
59
66
79
77
44
66
77
53
54
94
54
104
58
60
47
86
108
49
62
66
49
73
33
69
95
56
47
99
74
72
59
66
48
52
50
110
44
127
79
82
57
48
128
50
43
76
81
40
102
48
113
68
145
87
60
71
41
43
80
45
76
91
62
74
77
47
70
57
84
63
51
105
65
74
143
47
132
124
79
148
58
121
52
55
51
70
53
50
36
53
46
105
53
84
49
78
56
106
64
45
48
52
82
42
74
60
83
53
50
51
82
56
60
47
61
48
59
53
50
59
59
42
43
52
98
38
55
70
59
50
46
98
99
59
40
76
64
46
38
57
113
59
87
52
60
82
137
115
53
78
122
61
35
81
77
40
44
59
43
89
44
42
83
83
56
81
60
88
76
55
60
37
62
47
48
41
42
50
51
52
78
72
54
51
105
72
147
109
61
96
107
49
36
46
53
59
58
73
49
125
72
41
48
65
118
61
60
53
55
134
43
62
46
65
70
50
96
69
53
55
55
45
50
70
101
75
40
39
78
44
60
77
49
56
91
48
66
43
54
63
53
51
78
43
70
62
45
80
63
54
61
42
101
65
59
62
44
93
81
69
67
88
43
49
70
58
49
62
59
52
97
48
39
62
50
61
39
71
37
50
70
74
35
35
49
72
87
70
48
69
42
55
146
42
61
55
87
135
98
69
52
74
37
36
108
77
68
51
42
47
48
128
51
65
52
67
77
52
101
65
108
71
38
38
37
46
114
103
44
123
96
47
50
84
55
50
90
46
66
72
54
70
59
39
42
46
48
173
42
77
115
82
71
191
55
133
43
48
66
59
52
83
54
99
82
79
58
34
63
85
75
81
67
63
57
162
76
50
46
62
84
117
137
34
156
48
40
48
46
43
89
57
66
108
61
51
167
75
58
162
112
58
50
40
60
52
106
85
56
49
91
48
48
51
41
51
47
45
37
56
95
175
90
54
66
38
42
59
66
128
65
101
43
44
53
59
85
93
37
70
64
38
68
67
45
92
72
64
96
38
37
77
47
50
90
147
72
51
58
69
52
54
79
116
89
101
54
70
56
77
95
129
90
97
84
63
53
54
104
67
119
97
45
102
51
56
99
56
72
53
55
62
40
91
72
54
42
42
43
58
46
54
49
94
117
79
36
82
59
47
38
57
85
88
51
57
57
80
68
71
47
54
111
126
59
134
52
44
55
45
65
59
86
52
101
64
58
59
74
68
119
84
54
59
90
62
49
63
64
53
53
81
83
43
49
121
100
80
89
69
59
67
40
48
112
58
41
93
57
152
36
79
68
53
51
112
46
155
48
91
52
59
57
68
97
63
43
120
123
95
61
58
55
72
64
52
79
91
91
59
65
41
71
51
44
51
77
50
44
56
90
58
80
92
88
52
59
55
44
74
64
39
61
62
68
81
68
40
64
124
84
40
31
77
45
115
52
105
47
45
99
85
37
50
45
73
47
77
58
86
79
60
76
75
43
80
110
66
80
41
111
64
85
50
57
121
50
42
64
104
81
48
85
85
48
97
42
82
69
58
63
69
49
74
66
144
62
109
141
80
84
37
104
51
81
53
75
59
149
35
86
161
62
88
41
41
53
62
81
310
54
73
112
58
44
58
100
60
39
87
50
39
90
74
65
49
65
79
86
102
57
63
47
121
128
41
85
55
55
57
94
170
90
61
37
108
66
44
121
48
55
44
66
96
171
69
173
40
105
80
89
42
57
50
68
66
48
92
71
113
133
73
105
85
58
425
265
44
40
60
46
60
31
46
90
70
81
42
44
50
96
39
82
51
114
58
93
54
54
45
94
75
59
36
52
67
98
54
159
87
68
61
68
80
75
52
78
58
55
39
95
130
72
34
110
93
39
70
84
50
54
60
50
42
116
146
78
35
44
100
76
48
186
37
61
72
59
206
112
73
80
129
60
48
44
75
38
143
63
92
101
59
237
52
97
62
53
37
42
52
75
545
49
81
101
97
85
51
88
56
125
78
34
60
46
143
61
100
75
60
59
164
101
71
51
67
64
39
69
74
46
37
55
42
56
119
49
217
88
47
58
39
129
59
127
116
52
80
61
38
48
38
68
104
64
51
103
102
38
41
91
41
44
45
51
42
43
133
103
163
101
54
76
143
50
48
47
56
84
97
55
66
50
36
59
44
44
113
85
52
46
58
48
75
53
70
40
50
41
50
58
59
63
36
60
60
102
52
122
63
91
58
49
52
49
72
42
53
51
78
55
44
50
76
45
60
36
44
73
63
58
45
54
50
55
135
46
86
63
89
65
54
101
49
38
49
51
57
46
51
49
56
128
81
95
48
87
133
69
118
50
45
36
39
43
51
36
157
94
65
107
47
60
36
39
80
35
53
67
77
136
43
55
57
55
89
89
73
58
66
80
63
71
55
43
104
81
63
52
163
33
134
57
61
110
58
51
38
63
86
43
222
47
47
51
55
52
65
56
50
60
44
42
45
49
81
78
61
59
41
86
84
36
48
60
50
371
65
78
53
100
51
141
59
65
129
49
50
48
76
61
40
41
48
44
57
74
69
52
137
42
63
62
80
56
42
53
57
50
42
81
39
75
62
47
56
78
47
93
111
59
107
38
61
34
46
70
49
57
40
60
64
43
49
107
48
43
87
76
74
39
64
68
51
62
73
44
78
52
53
65
45
40
36
63
63
37
62
91
48
46
48
129
54
46
34
88
71
61
68
96
58
53
49
70
160
46
133
95
60
60
113
88
127
55
48
38
52
42
48
34
59
53
151
63
77
97
36
48
52
153
54
52
65
59
55
50
65
65
45
58
92
44
53
54
50
50
104
53
48
49
301
100
87
61
124
61
56
101
68
54
42
57
135
57
57
49
52
68
60
67
68
34
59
69
48
41
51
38
90
50
44
95
43
67
91
120
67
74
48
129
55
56
67
40
103
78
53
36
40
104
50
60
42
46
64
87
70
100
53
304
175
93
53
53
63
60
50
48
62
44
44
56
49
73
45
51
86
105
79
61
69
60
50
52
47
82
56
146
46
63
50
67
68
57
71
82
58
47
105
98
86
76
66
70
60
75
53
46
82
58
80
59
66
48
48
53
68
38
60
129
82
400
81
55
64
134
54
66
62
56
109
48
48
74
44
50
67
43
73
163
53
47
42
40
104
78
157
74
123
51
48
32
62
49
52
92
52
93
110
118
62
134
72
64
45
43
41
35
41
60
117
139
43
55
53
45
52
82
76
107
70
98
58
110
64
51
41
58
55
61
58
88
60
46
54
57
60
61
47
50
98
61
65
56
60
52
41
65
59
84
58
55
106
55
53
80
72
48
50
79
112
53
109
50
75
188
51
103
129
89
154
79
124
65
93
111
56
125
49
34
40
63
86
49
59
42
56
41
77
69
33
57
50
60
43
74
74
42
49
156
55
55
200
66
96
96
116
92
39
57
66
42
45
53
47
54
98
100
55
241
48
49
75
34
54
90
67
52
69
72
98
46
78
130
175
113
57
78
38
87
50
92
137
47
41
68
132
51
53
59
47
75
75
48
48
81
49
58
65
51
88
60
56
109
55
51
83
113
77
80
64
70
84
58
62
57
75
48
41
44
146
61
56
99
45
56
46
55
82
40
54
54
151
45
61
52
81
40
57
56
147
48
80
124
148
97
94
50
36
38
63
42
54
85
84
55
190
36
60
75
62
61
62
60
48
57
71
93
151
69
53
49
67
113
48
48
36
83
50
55
51
76
56
85
53
77
36
199
52
44
45
43
48
32
62
57
30
43
63
62
86
78
65
75
42
60
52
54
49
56
135
62
79
101
72
99
56
107
99
272
31
112
47
60
39
132
84
92
69
93
76
49
87
87
50
49
94
53
45
53
38
63
64
170
72
87
38
49
54
50
205
36
40
72
75
102
31
69
60
76
93
46
91
67
64
38
42
63
47
76
43
103
44
43
32
49
60
71
45
44
67
68
39
75
85
46
60
50
56
60
43
35
49
41
369
34
64
34
51
61
50
48
83
27
36
90
29
44
52
77
60
46
43
59
166
45
136
54
49
43
44
82
61
50
87
78
76
80
88
67
53
96
56
57
46
56
32
57
37
96
51
54
50
57
68
58
83
48
40
122
66
50
39
42
71
39
86
48
58
60
65
42
50
90
49
35
57
34
81
48
40
65
38
90
47
67
48
109
42
41
32
45
36
89
33
51
41
83
49
52
36
127
39
36
46
46
50
101
67
42
52
44
80
51
40
80
241
84
34
41
64
40
49
97
120
79
53
59
36
46
54
100
55
37
82
79
59
45
83
36
49
42
42
61
79
72
89
33
64
47
39
37
47
51
41
55
47
71
61
38
82
31
34
66
46
40
53
60
58
52
39
44
78
49
60
62
47
37
34
91
47
48
47
60
88
85
140
88
56
61
69
77
59
37
45
63
98
64
63
44
75
88
91
41
29
77
34
32
48
51
28
52
75
56
51
87
41
33
58
60
58
44
42
52
45
38
70
83
90
52
40
39
37
71
64
72
53
39
56
50
59
40
63
43
61
41
47
55
58
56
55
25
32
125
49
36
83
55
31
49
77
59
54
54
43
32
36
50
56
63
67
79
97
63
39
71
50
46
73
50
159
86
36
102
240
48
48
53
42
53
47
44
79
32
55
49
50
40
301
60
57
50
40
73
59
92
58
64
53
43
124
37
46
43
70
38
86
61
48
37
46
48
46
46
39
56
58
62
44
46
36
38
46
28
45
55
35
83
51
34
45
59
71
58
45
72
45
35
43
66
51
40
46
52
45
66
41
40
45
76
126
53
109
49
55
44
64
47
111
101
70
40
38
63
47
34
30
33
72
40
59
57
50
43
31
40
105
58
51
102
47
34
58
49
83
51
46
51
43
74
134
52
43
101
42
32
53
45
45
39
74
67
58
43
83
44
51
53
62
47
68
59
53
33
50
69
49
52
30
52
126
83
65
57
73
50
53
76
93
95
37
95
160
36
99
71
38
33
33
35
31
81
69
50
58
41
63
36
108
68
45
88
54
43
64
56
37
36
50
50
41
98
46
64
45
70
91
34
55
47
47
72
44
67
56
51
55
85
90
107
55
55
46
68
37
37
53
47
71
85
75
72
53
44
39
92
61
139
42
55
72
39
44
56
68
53
72
40
61
59
67
41
65
86
71
75
64
37
39
39
84
55
88
48
34
53
44
29
36
47
61
48
76
56
50
39
61
110
46
78
41
81
56
45
85
34
42
100
66
61
33
46
56
35
103
65
45
51
54
42
43
56
39
50
59
144
35
65
44
94
41
50
135
34
53
54
49
39
59
56
85
113
30
67
94
107
106
47
62
44
44
110
44
60
70
53
57
37
41
193
51
32
135
66
54
31
53
81
30
49
38
42
75
48
42
97
51
90
46
52
32
55
165
41
40
45
50
52
32
163
46
55
75
89
47
47
43
54
50
52
38
44
49
70
35
54
46
49
50
50
43
44
100
39
42
27
40
54
41
91
95
85
49
53
45
51
70
68
47
96
77
86
112
58
58
69
205
38
46
49
80
44
38
63
71
82
62
81
40
87
55
98
83
42
43
95
107
53
68
92
66
51
31
112
81
101
48
44
43
39
67
54
44
54
40
43
66
41
59
51
35
52
53
47
49
100
59
94
54
54
57
44
58
60
128
40
42
47
59
36
55
50
51
52
47
29
42
54
85
56
78
46
44
37
524
63
73
80
42
45
31
36
42
238
145
32
80
50
71
64
61
68
59
67
88
63
38
54
61
93
70
60
49
49
75
39
54
47
59
66
52
78
56
71
58
59
60
58
64
75
46
60
44
84
39
96
65
46
39
54
68
34
43
49
39
37
68
83
74
45
50
73
53
80
58
53
59
121
42
69
68
96
52
55
55
41
83
177
50
41
50
45
83
32
77
57
29
67
63
92
65
49
86
106
46
56
89
28
30
51
58
48
78
79
33
55
45
45
46
60
50
78
62
38
56
48
35
48
41
63
63
44
111
90
49
94
45
52
87
51
43
42
69
52
111
62
62
90
67
48
81
59
38
146
50
260
47
44
125
101
106
49
33
40
43
65
84
75
75
80
37
66
43
74
63
54
62
95
155
33
28
46
47
76
73
72
58
38
37
87
73
69
34
94
44
56
62
64
59
46
66
64
86
42
30
45
61
73
49
93
53
78
55
48
36
96
99
98
43
57
47
103
45
90
121
55
62
93
37
33
57
60
38
62
66
75
50
85
46
64
57
120
58
44
81
48
49
58
39
78
128
38
80
35
101
48
105
43
67
46
35
34
79
38
70
54
86
35
66
40
31
54
66
96
48
56
52
44
34
45
50
73
47
48
50
102
59
54
60
76
115
30
43
46
74
58
87
62
77
32
55
40
39
31
70
97
69
49
38
50
45
34
33
58
39
62
53
41
82
73
145
90
66
43
66
48
56
51
43
57
58
40
44
30
43
53
44
62
79
44
52
105
68
119
39
40
148
36
58
52
45
43
143
37
42
56
30
60
40
55
50
50
64
86
78
94
55
49
58
47
113
57
48
81
58
35
39
45
74
86
62
55
87
66
97
35
55
75
103
78
76
50
39
121
60
42
100
93
37
51
47
40
75
78
34
77
39
74
57
78
103
42
39
43
73
49
66
37
64
38
39
57
100
50
60
51
84
69
60
53
59
66
33
35
114
36
80
57
42
115
75
60
40
53
106
48
46
48
49
38
115
60
60
48
41
57
116
118
73
45
40
44
190
46
39
46
45
39
59
43
69
36
32
47
71
81
99
43
98
39
36
62
73
71
101
48
55
131
84
48
37
72
62
38
86
48
37
58
61
30
58
90
44
41
38
56
47
41
65
108
51
32
51
30
69
48
58
88
45
55
111
55
76
102
75
39
76
98
63
57
46
63
30
44
52
39
44
67
51
70
79
45
140
50
71
58
58
42
68
78
45
59
32
40
47
56
54
40
59
72
49
67
48
74
50
77
50
52
71
58
50
48
47
45
92
78
51
58
39
51
94
47
45
102
47
39
47
44
52
133
40
56
56
109
56
41
33
39
41
65
40
74
53
53
55
31
69
44
86
81
48
75
73
73
42
36
47
44
55
53
42
50
41
52
38
52
47
56
88
53
71
37
46
68
75
41
89
60
31
53
56
70
37
68
124
43
28
32
112
92
48
68
103
60
83
48
41
61
52
62
51
71
37
65
42
55
60
57
68
69
63
89
55
51
132
55
74
67
57
85
48
43
45
96
76
117
65
34
57
67
49
73
44
67
35
82
34
38
51
57
32
114
34
45
77
52
50
59
51
90
71
50
34
35
55
88
51
49
56
113
94
51
69
82
77
90
53
56
54
74
46
55
84
55
97
38
91
54
43
92
45
38
42
96
47
42
52
42
50
52
42
36
37
52
79
62
74
143
46
54
88
70
82
49
80
88
43
45
59
54
77
63
39
65
59
45
68
49
59
130
47
41
104
39
44
77
39
42
97
45
60
88
112
36
109
65
50
66
40
97
103
52
72
153
94
34
52
72
47
45
49
52
44
41
29
58
44
96
34
51
52
70
118
62
117
94
58
46
42
44
71
50
71
42
54
138
52
66
41
64
37
51
67
79
39
66
153
125
47
42
87
69
53
54
67
57
50
51
101
63
62
59
51
62
46
49
75
47
55
92
34
88
54
30
137
147
53
36
27
103
65
80
41
33
32
44
94
108
44
48
43
42
47
45
70
54
94
46
50
52
36
97
45
186
59
54
71
84
47
49
32
36
74
65
49
46
57
47
50
48
42
70
89
55
50
65
43
59
56
54
158
43
71
32
67
55
55
96
39
72
85
53
64
36
42
44
62
48
44
51
59
59
48
40
28
109
59
48
28
52
66
75
35
61
110
59
52
57
56
100
59
47
52
34
87
71
61
32
43
54
81
58
102
93
39
34
37
57
51
45
60
68
84
49
46
60
67
111
54
99
37
64
48
102
31
60
117
63
50
45
55
71
48
45
74
68
36
72
55
80
46
67
35
46
39
47
52
82
57
85
81
46
42
128
45
71
68
35
38
43
33
49
63
38
65
77
66
70
90
53
55
73
59
42
54
43
64
38
44
86
74
65
46
74
60
52
40
67
46
36
40
36
47
51
52
61
43
39
61
44
32
61
57
81
31
72
78
53
46
91
55
109
51
81
61
116
48
104
48
88
34
49
52
43
38
29
75
65
33
47
37
65
74
47
83
43
63
66
53
52
65
98
59
66
75
52
60
26
38
71
47
49
74
54
151
41
45
37
62
114
76
52
63
60
39
122
62
230
90
97
102
156
136
183
95
138
107
79
105
89
153
101
96
179
142
148
128
191
89
128
140
128
120
69
148
72
83
85
215
93
201
131
132
127
66
117
102
167
97
130
70
175
83
108
119
108
102
90
148
115
132
84
197
116
102
105
146
207
94
64
81
156
130
104
209
113
162
117
94
104
228
156
100
114
76
117
173
151
137
61
122
158
127
79
62
129
121
129
75
130
99
132
101
126
144
194
143
96
131
69
82
152
109
89
171
141
183
106
193
107
132
80
129
94
104
110
131
320
214
116
91
128
91
86
115
164
93
94
86
91
120
107
96
87
80
102
109
79
76
92
164
92
133
92
97
181
123
97
100
155
174
88
92
93
195
140
177
105
71
117
82
119
121
119
129
114
71
188
62
153
108
90
119
74
156
78
182
132
125
109
103
92
111
188
112
160
134
113
125
78
113
94
102
110
132
120
104
113
84
80
91
123
156
94
148
137
102
87
190
80
96
128
104
176
162
102
71
96
72
114
153
135
216
336
76
150
121
102
142
95
114
128
91
90
112
87
55
94
57
135
103
88
135
160
83
158
117
113
195
132
92
94
80
111
138
97
119
95
202
105
109
126
110
114
86
95
168
121
112
115
136
93
121
123
101
96
93
101
131
67
93
140
87
195
101
108
83
63
108
131
161
168
74
338
131
177
98
113
124
91
118
130
236
107
75
132
100
96
95
92
90
261
98
80
92
124
127
115
85
87
102
114
113
120
88
118
87
111
100
89
95
70
95
102
93
118
80
186
129
108
127
104
80
102
143
105
99
60
81
138
159
158
297
107
111
78
124
123
90
71
97
163
102
76
111
119
147
123
84
84
117
132
111
101
118
102
115
122
110
136
88
108
80
138
95
115
160
103
164
98
81
113
97
136
193
64
91
158
94
139
84
147
136
86
143
89
153
69
113
108
86
111
114
89
92
98
137
69
110
121
233
107
91
82
87
80
106
110
137
104
118
111
124
74
61
74
72
113
86
73
151
91
132
58
101
141
109
147
96
101
106
71
89
185
109
120
88
122
99
170
107
54
149
135
124
105
95
79
157
84
111
101
87
227
120
97
146
80
103
87
191
155
163
149
156
145
106
96
146
135
57
143
68
193
137
206
110
75
119
117
156
114
88
83
104
168
173
114
110
117
98
134
152
75
116
140
88
144
130
111
94
84
135
176
203
115
154
329
87
101
109
100
101
99
230
142
91
189
103
148
100
116
106
173
134
113
91
107
92
92
143
120
139
77
137
88
73
142
90
118
110
111
105
64
60
103
116
116
121
185
111
142
90
89
174
134
143
115
132
94
105
144
111
77
187
89
62
84
104
78
72
81
94
84
101
156
123
114
144
95
139
172
85
111
115
133
148
81
108
143
110
111
136
68
101
125
122
186
78
84
89
79
114
116
156
130
120
65
124
92
114
69
86
84
119
96
143
246
166
84
96
275
75
97
97
101
110
172
71
90
169
221
84
79
89
152
308
157
150
160
202
124
173
98
150
255
164
113
82
145
160
124
104
85
171
74
94
90
145
130
98
115
177
218
125
135
75
111
131
90
80
123
81
72
186
62
116
125
74
119
137
97
101
103
96
126
133
119
243
89
130
235
85
101
114
122
143
56
92
188
81
70
89
72
113
132
134
85
108
197
123
91
105
111
135
120
72
173
162
92
88
117
96
104
61
107
183
94
199
112
196
162
102
122
116
98
198
63
93
118
80
172
151
112
117
95
85
120
134
208
129
74
221
114
80
104
97
123
173
95
120
115
146
83
115
81
95
120
129
99
126
120
69
134
161
119
91
155
113
247
75
96
89
94
124
131
94
88
94
112
87
117
74
117
93
147
88
109
105
80
114
109
95
130
122
137
124
142
97
94
140
107
92
111
129
170
120
124
237
83
149
68
132
188
102
139
87
137
173
93
107
96
94
92
112
87
103
109
155
161
80
129
110
141
118
109
113
115
121
103
129
111
85
170
74
125
145
114
128
143
135
107
101
142
134
88
97
168
99
97
97
244
104
127
211
110
109
129
252
219
112
169
104
173
87
170
95
88
109
80
78
87
167
183
119
122
190
123
81
98
182
169
62
138
120
112
83
152
139
114
45
160
87
95
157
82
110
242
117
122
83
120
95
143
98
134
152
84
102
104
118
177
112
65
402
91
91
121
83
84
88
150
173
124
115
116
155
67
184
114
110
103
162
91
117
91
93
188
172
91
106
85
184
148
172
90
185
114
88
103
131
134
109
97
72
111
117
96
62
82
54
85
109
141
123
104
65
85
70
83
78
60
60
71
90
128
77
90
149
54
78
72
93
100
155
54
155
73
103
113
91
103
85
90
128
87
90
69
117
84
72
69
135
66
66
54
80
83
81
116
102
74
94
80
62
64
94
74
54
138
95
92
64
74
104
61
172
85
93
52
60
85
63
78
60
58
71
74
104
65
105
114
65
95
119
88
138
68
86
66
63
114
69
70
105
72
132
109
60
61
167
90
125
53
101
92
75
83
101
92
113
72
315
80
85
60
119
69
132
75
63
76
72
112
121
113
53
56
103
131
101
97
66
70
68
166
65
83
96
77
72
72
87
63
84
77
78
87
54
63
54
93
151
133
72
92
81
73
100
59
78
121
70
80
44
91
70
103
78
115
75
82
81
102
89
95
53
96
65
125
64
71
57
68
108
77
113
90
74
70
71
99
60
81
78
65
84
56
79
76
104
70
57
56
135
84
88
82
172
75
92
60
58
84
69
86
74
148
82
196
73
107
61
93
76
76
88
101
104
81
92
137
81
80
129
91
63
98
82
76
65
53
122
74
105
118
76
87
63
59
158
80
57
62
85
96
95
102
80
51
108
99
113
97
199
58
68
66
93
71
80
130
108
94
67
92
103
163
79
75
166
60
94
65
129
83
79
71
78
56
110
187
135
77
53
64
126
70
72
97
64
67
127
73
64
66
55
90
97
87
57
83
75
83
60
88
240
105
84
93
61
61
79
138
98
151
77
61
113
84
65
138
86
63
76
77
113
90
131
92
100
137
79
76
86
107
128
67
94
71
139
77
76
76
68
63
95
58
49
69
144
129
108
89
136
55
76
117
105
73
66
93
72
75
67
70
86
70
68
63
99
153
109
116
57
54
81
85
76
78
65
110
70
109
51
100
71
88
53
85
55
160
88
104
58
90
67
107
65
100
71
111
101
94
68
80
82
45
102
78
77
99
83
74
72
193
91
83
105
59
78
111
59
92
82
102
88
107
82
81
59
79
88
65
82
83
103
90
67
184
82
73
71
94
86
61
52
66
74
63
70
73
74
67
83
78
66
111
100
73
68
78
125
72
86
85
94
71
236
55
89
81
88
93
95
53
81
57
89
83
97
108
78
76
125
89
77
66
68
86
123
70
77
69
76
97
64
105
150
82
100
78
73
66
67
115
101
77
87
71
105
232
111
70
54
108
115
105
91
56
67
49
68
47
102
56
60
118
52
130
85
102
198
104
156
68
127
82
64
86
49
94
67
86
95
94
90
78
66
71
70
71
150
70
80
94
54
175
131
95
66
101
89
80
81
127
138
89
71
79
51
90
116
84
55
96
113
97
76
66
75
50
77
62
96
95
68
71
69
113
64
89
133
67
72
111
69
77
109
73
63
66
138
96
109
78
151
66
81
68
57
81
85
111
79
81
117
85
110
92
53
126
87
62
72
58
48
111
87
71
62
124
94
81
98
123
77
49
72
101
65
74
92
57
68
73
113
68
95
72
70
121
66
75
67
74
77
51
71
84
81
112
240
66
60
104
90
56
55
127
59
78
79
127
64
67
69
72
105
133
81
76
56
102
89
129
110
61
71
71
48
55
60
66
63
49
98
47
72
105
82
124
98
63
92
77
57
73
114
82
98
105
89
76
65
97
65
103
69
67
89
71
77
83
72
80
56
92
67
65
91
88
97
109
87
89
72
47
100
84
65
67
80
105
88
71
95
79
77
81
132
63
121
149
67
80
90
79
72
90
57
111
66
74
60
105
60
67
120
70
74
101
139
82
66
78
88
89
69
60
54
145
117
63
62
138
71
67
82
65
61
94
71
72
88
78
100
45
110
75
114
67
93
55
90
126
77
133
68
117
59
115
77
102
62
58
57
63
63
79
88
60
178
61
61
94
113
60
106
64
75
63
118
94
102
101
95
56
79
64
147
66
139
110
62
80
62
165
157
156
79
78
108
76
109
67
69
59
75
90
73
84
76
63
78
91
114
99
73
94
63
104
80
75
90
178
71
69
77
67
82
64
120
91
66
64
83
102
72
74
89
48
80
104
111
61
106
89
53
75
50
83
81
79
84
104
67
67
74
50
117
99
72
119
88
52
77
79
102
79
98
73
97
75
64
87
92
98
83
100
85
105
67
71
66
87
255
100
75
177
84
59
68
77
108
75
71
112
70
95
84
157
57
71
121
113
55
62
50
80
102
72
105
151
112
55
68
73
53
86
87
115
76
79
92
84
73
65
64
85
72
93
63
93
89
66
99
128
126
144
135
70
129
71
107
128
97
87
83
100
90
84
120
212
93
120
72
110
114
88
105
75
103
100
115
121
165
96
166
127
93
81
124
93
116
146
155
105
102
149
194
107
94
155
99
61
238
146
81
118
104
154
90
101
179
90
105
117
108
110
136
159
122
84
115
129
109
130
84
93
119
113
134
232
103
161
110
90
104
98
97
149
193
160
298
124
81
183
119
122
103
117
161
97
97
149
114
82
121
71
161
130
146
198
148
99
99
131
138
120
113
88
71
145
177
196
118
151
134
78
95
177
95
121
89
132
94
91
107
99
88
89
87
73
127
184
70
169
137
165
182
152
95
123
466
158
91
146
109
76
96
168
124
121
109
80
113
87
131
104
101
121
111
107
71
105
172
91
127
65
150
121
226
113
99
113
81
116
85
83
112
261
96
109
91
162
124
94
112
108
73
120
105
103
103
197
173
90
146
124
181
72
86
144
102
90
126
242
101
155
96
115
150
147
146
120
75
98
77
97
148
81
78
137
94
102
162
150
133
80
124
184
81
173
116
146
91
106
102
84
82
94
126
118
149
143
157
77
199
94
216
95
80
112
64
76
113
146
88
167
95
152
149
199
97
122
80
132
194
108
112
101
108
304
96
130
144
135
100
123
161
117
80
97
112
99
153
112
137
106
103
116
93
88
116
84
100
96
133
105
128
81
146
106
124
76
96
158
122
113
139
182
110
150
100
135
76
124
75
109
72
104
88
119
92
169
119
135
99
111
198
76
88
104
94
175
159
95
116
130
314
139
71
105
92
102
144
85
129
97
90
108
140
137
97
120
79
113
131
119
85
214
121
89
226
116
86
107
82
125
127
99
79
108
107
73
73
124
202
140
100
103
99
137
117
94
234
106
199
105
101
145
123
106
79
88
94
135
117
95
118
94
122
62
114
103
86
114
165
168
115
100
165
109
78
127
135
113
111
98
151
104
105
63
105
160
84
79
103
95
96
91
105
84
99
91
96
127
69
289
136
112
90
117
124
110
130
72
138
146
162
113
91
154
250
223
117
132
111
176
147
128
96
113
89
100
99
161
130
126
171
129
68
107
81
125
149
147
154
145
121
163
131
134
97
62
113
79
94
75
160
87
99
80
89
86
118
103
109
91
234
109
147
138
215
116
123
89
113
92
126
65
106
99
57
123
90
122
134
96
172
102
121
100
104
100
96
142
118
130
176
135
98
126
105
138
142
132
228
159
148
107
214
65
96
82
137
110
78
101
92
96
99
97
80
93
126
179
104
94
77
344
99
119
102
130
138
129
146
129
120
142
75
109
161
88
143
136
70
88
68
69
133
99
178
115
152
162
107
75
63
149
165
99
106
126
94
84
107
160
85
151
134
90
122
107
153
79
150
100
202
95
63
120
97
199
139
107
103
127
180
76
102
98
82
124
137
118
121
109
104
81
165
124
156
120
104
88
200
134
104
112
105
147
115
106
100
115
142
116
101
74
95
118
59
123
130
110
122
108
88
73
82
173
84
103
68
70
150
120
142
115
78
91
92
118
89
109
85
105
119
91
171
137
88
94
143
121
99
124
168
121
68
134
84
130
100
134
77
114
139
124
183
90
105
111
105
155
168
139
140
85
95
121
184
140
65
81
103
107
105
133
90
156
120
112
96
103
150
105
83
116
173
102
133
153
106
180
111
119
112
100
248
92
158
99
98
157
96
104
103
84
106
124
170
113
97
130
98
108
140
79
113
83
143
94
102
95
84
139
214
86
125
134
113
139
106
100
111
185
80
100
111
115
115
87
124
94
110
258
182
77
165
173
123
122
89
116
91
88
224
116
76
129
130
131
111
111
87
112
109
174
85
149
114
121
164
80
86
86
111
126
182
112
150
139
153
129
136
57
160
116
79
125
89
111
95
109
103
98
94
112
96
80
125
123
138
80
210
106
220
116
124
133
141
118
160
92
86
79
107
151
106
276
123
91
102
174
164
117
108
129
101
84
106
205
119
123
82
115
101
91
125
101
113
90
97
200
104
116
78
232
96
68
106
120
155
227
122
118
76
149
72
63
151
141
198
105
126
181
87
126
198
124
106
107
116
167
108
155
209
112
72
147
97
135
100
126
280
89
81
116
121
91
204
92
148
136
352
113
199
123
128
121
143
148
91
247
103
96
90
80
143
86
98
92
89
95
100
95
156
109
190
95
348
138
107
81
90
178
82
211
91
106
252
68
93
100
117
123
98
102
101
89
113
125
102
191
96
100
89
135
106
96
77
94
70
174
84
65
172
88
62
102
73
54
75
92
65
104
96
80
52
116
70
82
81
93
94
72
81
91
45
85
98
106
108
76
84
70
58
60
62
89
68
66
107
56
68
97
86
98
59
86
67
46
53
122
58
209
94
103
172
92
47
72
57
59
120
85
68
49
200
76
41
132
158
62
104
68
70
96
65
77
62
86
41
60
55
79
56
108
50
70
57
132
76
65
69
50
74
99
123
112
121
69
175
108
45
103
143
106
59
68
57
116
68
46
89
69
53
73
75
126
95
60
67
123
108
84
65
94
58
85
46
108
120
52
57
90
131
75
94
83
100
48
86
75
53
102
102
66
71
100
68
59
82
99
71
53
73
84
77
105
63
82
51
85
68
84
59
71
52
68
62
58
75
58
92
130
59
57
72
156
92
61
93
58
62
101
90
47
76
71
64
55
95
70
95
53
83
53
51
110
72
71
59
67
73
86
121
139
99
89
108
66
145
97
59
58
70
96
71
64
72
132
60
64
63
128
61
58
67
140
53
158
108
54
66
87
55
92
56
50
56
82
118
71
57
100
46
109
76
87
86
66
65
50
113
72
54
74
68
76
71
95
71
61
70
111
64
85
67
72
75
68
51
107
70
99
59
51
74
110
52
101
54
51
82
73
79
100
60
129
74
117
84
199
92
82
135
51
260
112
68
55
86
189
79
120
73
130
82
75
79
82
45
87
75
77
44
66
101
54
59
139
103
73
127
70
56
48
81
115
58
64
75
60
119
96
55
84
69
136
74
88
58
98
53
55
107
89
97
75
84
58
47
97
68
59
67
77
101
60
86
92
61
108
88
71
82
70
46
56
63
54
85
57
79
70
58
78
114
67
97
100
121
69
77
82
78
62
53
191
80
52
108
67
65
72
40
66
50
61
50
118
58
198
76
81
78
89
93
68
101
73
158
55
55
114
83
74
67
76
76
43
64
95
132
93
64
209
66
151
61
62
81
86
87
62
57
136
115
107
80
181
66
54
77
69
64
68
52
74
59
64
77
89
60
83
63
69
80
86
162
103
66
115
74
48
57
82
73
126
71
85
67
50
68
157
73
121
62
69
129
55
52
62
62
56
45
80
113
99
60
52
114
71
92
76
106
50
55
104
60
52
75
62
124
63
100
51
94
68
77
67
96
56
71
102
152
55
65
77
74
64
54
128
72
45
69
91
207
77
102
77
50
144
38
103
77
71
78
70
93
52
86
57
64
145
128
84
115
90
81
80
74
76
142
71
59
92
200
70
66
51
87
45
64
86
59
95
55
64
150
62
76
47
117
70
96
123
88
74
49
68
174
51
54
118
122
57
93
72
95
60
102
78
63
108
50
54
70
64
103
71
127
115
64
65
59
53
70
68
177
53
93
124
88
51
68
52
100
83
119
115
105
77
121
67
175
67
55
54
80
62
57
130
53
96
66
85
105
55
87
82
54
119
48
90
143
59
83
51
72
76
67
56
96
67
129
233
57
75
75
43
62
49
77
116
57
66
106
61
58
67
68
159
92
74
106
64
72
58
68
64
66
96
83
76
62
144
72
81
62
83
62
60
66
74
59
63
79
116
77
69
218
52
57
52
64
73
112
135
81
179
40
48
71
100
178
53
111
84
80
89
54
162
90
66
230
166
64
110
145
60
115
93
103
74
60
114
113
61
77
61
62
68
61
90
59
62
61
54
58
93
68
71
103
153
105
104
65
59
122
67
62
85
98
44
70
52
51
70
60
78
67
118
105
80
63
63
67
59
80
69
64
66
48
81
61
64
121
64
75
69
60
117
69
77
51
71
62
58
61
80
121
66
40
62
48
128
125
108
100
65
113
62
98
82
94
130
75
74
55
70
50
145
46
71
76
58
71
64
56
64
99
38
82
106
87
67
55
105
79
90
135
44
62
70
112
79
67
56
59
61
50
117
47
74
45
207
81
64
63
64
78
68
135
91
100
55
79
74
63
94
53
95
87
66
84
83
152
65
141
77
88
113
75
75
54
73
70
51
66
92
76
59
51
62
85
61
48
86
65
65
60
49
96
100
65
136
66
54
177
111
78
71
56
61
64
65
90
55
76
69
79
40
100
80
56
50
88
128
52
96
79
77
54
148
43
58
51
56
69
68
73
47
58
68
104
77
74
187
138
51
75
78
65
147
154
133
65
43
87
105
72
49
111
192
72
142
71
65
65
91
86
78
183
57
76
135
155
51
71
115
129
95
74
66
106
76
91
44
86
66
79
54
82
95
43
77
84
152
57
97
62
132
149
96
47
104
51
81
56
60
44
78
41
63
404
90
68
55
62
51
56
70
95
206
130
67
655
143
81
55
59
93
99
92
76
63
113
76
108
175
51
67
84
76
50
57
258
48
63
60
71
78
126
69
100
42
77
59
115
101
101
103
75
65
265
83
95
92
61
66
63
60
73
70
54
54
187
86
60
108
69
153
60
109
51
74
70
142
46
47
67
41
104
49
187
101
74
59
71
75
54
49
54
56
110
91
49
60
345
63
97
131
79
60
57
80
44
61
64
92
76
319
59
148
66
176
62
96
63
88
53
70
52
71
55
55
71
75
51
58
68
69
46
57
68
83
251
105
94
43
50
130
48
473
83
128
44
70
55
60
113
233
76
97
115
74
74
93
50
90
52
58
55
54
57
64
46
72
71
77
73
51
84
48
43
75
65
59
72
46
80
84
55
67
67
79
63
108
60
63
83
59
65
134
61
54
73
110
48
107
81
52
96
100
89
61
47
95
50
59
92
74
104
57
48
116
45
90
71
44
60
221
161
96
71
46
75
344
120
80
105
51
47
55
73
136
59
51
63
76
125
80
53
54
141
76
68
85
152
239
71
64
49
105
83
256
69
140
86
55
58
72
56
72
70
87
58
77
69
55
83
63
78
70
65
476
79
81
42
79
176
72
55
65
108
74
57
63
125
62
51
59
70
64
240
68
397
74
55
65
91
60
215
62
169
81
45
61
82
72
59
45
158
72
70
83
66
72
70
88
73
84
73
61
46
84
57
74
308
64
89
60
91
56
46
59
92
110
106
124
59
157
91
78
58
84
46
53
59
49
46
85
43
105
284
68
58
53
62
40
62
107
93
65
72
39
73
79
56
55
60
64
152
114
50
47
135
81
65
86
55
85
81
59
94
69
124
123
71
108
105
45
121
74
92
69
131
116
75
112
80
59
294
39
84
84
119
64
49
90
211
74
51
92
210
83
72
71
58
45
98
103
144
328
103
68
49
83
135
173
397
117
72
145
65
98
78
85
92
53
54
92
79
123
69
75
49
65
55
96
52
62
123
80
689
48
47
121
67
61
59
145
73
49
92
59
46
61
61
58
46
181
61
70
580
76
52
139
68
57
66
56
66
48
75
47
128
86
111
89
80
47
57
57
93
44
63
50
52
105
55
107
137
87
130
50
48
69
69
92
71
95
63
63
179
141
93
60
56
67
51
69
58
76
87
72
41
46
91
57
81
133
109
67
88
76
125
61
42
74
50
231
123
52
139
58
50
88
89
89
110
41
122
84
61
67
80
63
352
107
61
89
44
96
86
62
58
60
101
60
56
58
94
62
46
62
58
212
56
63
79
52
282
118
68
65
60
125
47
694
51
49
88
179
108
86
86
112
65
88
135
66
64
101
69
139
108
46
82
72
43
117
67
59
67
72
59
85
75
105
89
199
104
109
92
50
111
61
71
89
104
74
56
91
55
106
57
47
150
98
106
60
69
61
61
80
71
85
70
128
50
92
56
163
127
61
108
137
49
54
48
54
125
49
109
75
75
406
49
83
69
249
47
62
70
86
127
150
68
64
61
49
78
44
117
59
74
59
89
53
64
114
70
137
121
94
68
66
91
83
82
53
77
80
116
80
95
72
67
98
239
57
62
65
78
57
151
57
180
61
61
45
103
163
40
47
108
74
65
67
53
113
73
50
53
89
139
65
63
34
76
51
141
96
102
70
61
61
78
71
116
88
56
57
70
69
46
60
90
43
86
66
74
59
44
94
53
81
79
184
59
135
57
85
68
166
45
87
51
62
65
82
70
129
42
75
109
89
142
49
73
91
61
52
41
147
62
249
50
43
58
61
52
93
64
46
53
66
73
62
58
52
99
90
64
57
59
139
60
60
118
96
119
99
288
62
106
44
130
54
104
99
60
57
59
60
49
99
61
351
48
56
51
85
109
60
77
172
45
67
82
53
112
62
70
65
64
71
62
107
71
52
90
81
39
101
266
69
412
63
64
147
63
63
60
111
90
427
40
49
77
60
61
212
64
131
88
183
60
52
64
58
329
91
71
62
57
52
52
57
60
63
113
81
86
73
61
54
71
271
89
68
77
146
101
53
65
139
89
99
115
104
70
129
73
110
39
94
72
52
80
75
75
117
59
46
100
73
47
71
227
61
48
73
65
136
77
56
107
179
42
100
72
55
151
63
89
318
71
55
59
87
43
60
156
133
70
108
62
94
46
54
64
51
104
55
126
53
67
60
57
74
73
79
74
131
82
59
45
60
74
165
116
434
84
145
134
84
109
146
61
66
98
63
80
61
105
121
49
254
79
123
141
108
123
110
83
110
72
944
83
184
141
70
80
87
254
97
141
1040
105
81
56
116
90
63
631
103
117
114
109
123
196
135
65
92
329
166
101
61
89
79
62
100
67
157
93
73
475
278
61
67
69
89
181
57
91
98
61
91
85
49
99
75
138
160
68
193
82
123
130
137
98
60
115
107
74
69
72
76
190
107
147
95
61
137
143
71
57
64
104
88
113
67
154
78
258
92
109
81
104
68
110
50
162
123
61
180
75
157
66
137
115
66
101
76
90
70
109
55
303
85
75
57
155
78
163
192
128
91
74
56
74
58
152
135
299
79
146
106
75
81
71
54
114
102
176
60
67
145
66
105
57
57
134
100
61
81
68
128
75
183
176
87
164
130
102
59
80
87
178
90
169
64
77
62
84
133
104
58
117
107
93
121
68
88
64
209
84
96
57
64
78
182
66
95
105
80
134
107
147
118
141
66
209
75
291
103
104
70
58
107
96
64
76
187
139
197
141
105
92
151
342
168
162
91
147
633
132
115
111
111
113
98
66
97
76
63
77
263
116
98
209
70
74
76
103
67
111
60
290
82
315
99
118
111
150
171
78
1252
73
81
59
79
125
60
97
188
105
764
64
151
67
99
85
66
143
102
58
107
125
66
87
64
52
61
70
137
74
139
74
183
145
92
55
107
67
68
236
87
125
104
315
50
192
141
114
116
80
114
238
139
75
113
131
47
135
662
68
81
71
184
100
68
158
71
83
127
121
104
166
89
119
100
111
123
84
108
63
60
103
116
79
111
100
106
96
104
107
110
68
58
203
97
75
122
152
79
82
78
54
225
85
52
113
150
120
125
274
66
57
373
99
459
68
76
98
81
61
62
53
88
98
78
83
297
99
78
81
63
115
50
132
55
72
160
74
108
64
75
88
66
79
744
67
73
77
54
85
83
142
109
157
135
57
351
75
102
55
94
98
230
67
98
144
64
111
95
139
63
85
80
56
108
96
90
592
94
80
97
81
103
68
57
105
74
107
58
98
63
69
132
106
76
97
77
114
76
539
59
49
59
92
152
92
67
114
105
252
123
83
69
71
84
73
99
86
111
76
60
99
109
90
161
76
204
80
78
148
94
78
86
90
125
80
105
59
78
89
96
105
76
85
68
111
113
110
81
66
73
177
91
69
161
185
95
186
74
72
83
81
94
73
91
99
137
97
146
145
62
95
117
87
79
154
199
104
63
165
110
96
85
233
141
113
186
135
98
105
83
93
131
129
85
82
94
66
71
87
67
66
88
129
118
151
148
85
325
115
74
102
87
55
116
90
195
79
125
142
86
138
125
79
61
98
64
122
82
88
112
84
72
89
120
78
94
188
74
1267
225
80
67
81
148
154
84
581
54
101
69
91
72
134
121
84
65
94
233
87
97
75
68
69
71
97
83
82
78
78
103
72
85
152
93
106
94
125
154
69
774
72
79
86
73
97
81
66
82
108
71
221
257
96
60
132
91
108
264
67
75
114
140
68
73
86
64
67
314
67
69
129
106
78
72
133
331
82
89
97
106
222
71
102
166
172
136
99
736
117
239
142
149
123
102
127
191
87
89
55
70
78
71
107
89
71
73
76
103
175
199
137
58
240
321
699
277
125
98
112
109
105
85
83
73
62
62
62
77
60
117
146
79
243
88
170
68
124
208
102
112
66
53
268
67
126
72
71
103
77
84
70
126
241
73
84
83
56
57
131
192
77
70
71
63
133
173
84
59
68
224
93
70
68
93
88
70
53
55
102
95
81
71
262
64
64
125
110
97
69
92
92
224
123
65
65
108
114
125
123
83
196
76
69
88
123
99
149
97
69
126
75
86
62
102
119
94
104
154
74
55
91
76
77
249
78
70
94
82
209
68
101
72
189
98
88
390
63
83
80
99
80
461
149
105
65
80
870
69
69
85
125
718
287
76
73
51
161
277
82
80
69
167
77
84
63
58
108
71
82
76
336
66
98
81
115
72
87
116
261
102
58
80
67
61
77
134
69
134
65
59
69
60
140
64
119
58
203
98
88
111
62
87
85
99
79
156
122
82
387
77
109
77
123
110
112
114
108
134
97
55
211
73
66
130
75
156
210
70
83
98
270
672
65
377
177
81
146
255
76
72
101
68
57
78
73
75
64
153
76
130
70
1151
70
117
1989
143
95
134
84
93
69
95
73
129
60
222
48
120
114
115
624
86
82
119
485
66
262
58
82
88
86
193
89
93
72
109
143
75
77
70
74
62
72
129
127
117
66
161
111
78
151
105
80
139
50
59
73
199
107
56
74
58
137
116
72
64
81
88
69
59
162
56
95
186
112
108
77
64
84
189
225
126
72
75
98
89
256
167
60
56
141
68
115
89
91
80
72
76
142
102
55
93
131
103
90
72
135
101
87
107
136
173
223
79
66
77
75
112
181
62
145
67
195
72
62
145
81
95
75
86
97
128
55
65
74
81
108
84
77
140
101
66
52
147
106
109
87
75
107
117
98
80
84
74
135
124
78
127
90
67
157
126
112
68
101
108
78
160
96
68
118
77
98
68
103
112
148
175
105
89
76
129
97
102
62
78
111
83
134
166
131
83
108
65
70
102
173
80
100
110
89
53
65
114
67
122
182
122
69
58
78
93
126
122
104
94
105
184
76
74
56
149
169
180
68
80
132
206
73
92
56
103
102
71
93
85
183
74
137
63
96
71
81
79
95
76
111
72
68
82
74
76
71
151
72
91
93
92
154
79
69
95
129
181
79
175
73
78
97
123
85
85
150
77
211
134
124
112
144
138
58
67
69
132
99
239
106
203
61
143
84
88
73
114
66
82
78
77
92
74
73
85
124
112
152
72
140
175
137
97
92
68
155
162
85
138
183
96
145
127
94
58
106
188
63
77
94
141
69
53
65
117
81
68
212
233
157
96
115
101
56
174
112
82
63
100
70
159
86
61
115
117
92
115
131
75
88
181
108
102
55
106
86
102
68
86
79
83
78
73
107
110
75
68
145
89
65
171
59
95
106
125
139
78
126
65
93
124
66
80
89
86
90
98
67
63
75
78
67
64
71
93
100
74
196
100
98
74
91
116
92
67
129
64
143
56
64
80
97
84
81
70
153
117
72
82
75
117
73
129
117
84
96
124
189
155
80
68
89
135
82
85
57
209
120
79
89
77
72
121
74
107
81
63
111
135
63
71
63
66
111
163
157
85
76
120
120
76
92
92
139
105
289
101
84
124
95
81
117
139
85
81
58
113
96
119
88
69
124
63
89
121
130
90
201
109
105
129
79
115
87
252
113
92
89
71
78
93
75
144
128
97
110
57
115
80
82
59
135
75
94
98
67
197
117
72
88
74
156
67
208
68
76
81
82
99
123
215
76
224
119
137
128
87
81
227
76
95
85
167
139
83
68
66
69
70
114
98
105
76
92
123
71
139
105
52
106
169
84
83
61
152
198
98
150
116
94
57
69
116
83
206
72
139
89
68
75
120
160
74
61
72
71
98
78
102
83
102
173
75
66
119
102
70
67
67
92
176
146
150
194
71
66
112
72
242
107
117
70
78
80
128
125
84
100
82
82
79
69
101
161
85
74
85
120
68
82
75
90
61
143
80
99
80
63
69
75
65
77
189
84
75
125
63
154
84
341
58
60
80
89
112
114
108
153
55
179
186
163
142
82
91
106
85
78
104
104
132
98
66
68
77
77
95
177
155
150
95
180
138
70
104
62
147
71
141
117
77
86
116
145
128
59
72
149
73
94
70
88
119
146
63
81
107
92
101
113
190
171
134
68
143
74
52
142
83
193
107
62
66
184
81
68
98
76
96
62
194
129
61
62
63
47
73
77
207
110
130
178
93
78
54
61
58
135
124
82
96
176
64
60
117
130
54
139
75
102
99
182
85
62
88
87
247
104
254
85
119
124
82
69
74
114
102
71
109
70
146
88
126
107
100
118
86
72
73
79
124
89
57
69
62
87
88
117
106
186
105
75
84
86
62
59
210
83
96
70
75
81
69
64
71
232
59
67
165
77
126
89
49
128
80
85
198
63
86
157
80
100
106
91
185
76
129
106
81
127
138
136
95
77
116
145
111
66
95
95
201
100
97
68
128
125
130
76
88
121
99
100
113
82
117
130
52
103
65
142
89
118
133
80
63
76
83
96
78
112
79
83
62
75
148
123
128
75
59
88
63
133
68
91
155
98
69
72
63
124
82
115
113
85
116
76
117
124
98
122
111
126
146
79
81
183
61
69
74
106
122
89
92
137
71
75
126
86
109
72
66
70
76
59
90
72
81
87
186
84
114
126
61
84
99
96
67
53
248
155
105
75
82
75
72
171
120
125
58
146
81
84
96
82
80
79
121
76
106
61
170
128
61
88
89
196
80
95
69
89
93
129
108
82
129
88
76
129
65
85
106
75
77
65
103
72
86
62
147
88
91
152
66
80
76
75
109
130
73
114
62
82
73
84
70
100
69
75
153
68
263
91
210
85
103
117
176
123
123
123
128
271
193
103
164
148
298
159
180
135
124
128
186
106
141
206
182
142
233
135
105
134
156
134
91
100
105
95
136
191
245
127
163
116
186
104
112
99
151
117
201
125
155
151
100
112
128
158
132
152
134
196
157
134
162
200
118
176
192
173
155
130
87
172
194
134
102
99
112
138
128
109
102
106
103
171
192
125
157
125
237
246
155
182
174
159
203
131
93
132
177
211
136
107
182
114
131
211
127
154
110
100
161
331
138
175
153
98
80
111
99
153
122
118
168
195
82
113
180
168
159
129
203
147
133
209
154
125
109
169
134
134
111
153
138
153
140
123
94
298
104
160
106
104
288
165
92
91
136
100
117
125
104
205
198
173
208
138
103
124
95
151
111
105
116
182
115
129
107
217
86
130
190
144
174
133
130
212
150
248
103
102
132
168
169
157
111
127
221
157
156
89
179
142
127
134
261
177
107
105
272
100
331
114
440
80
275
153
102
135
132
164
96
159
133
113
118
98
172
143
114
145
98
187
192
141
137
75
186
205
136
163
132
105
163
244
159
183
201
283
128
89
185
274
248
102
100
117
96
180
134
179
144
130
163
76
117
226
157
80
151
113
115
179
117
144
122
208
140
133
142
192
163
134
238
199
110
118
115
146
124
123
239
172
165
132
163
139
95
154
135
141
87
161
175
161
118
133
130
191
148
98
279
122
181
159
204
161
103
136
109
105
171
77
100
166
142
111
197
120
133
127
194
175
164
101
114
271
120
166
150
269
197
151
99
136
168
118
228
189
287
169
141
188
171
78
221
122
295
177
95
269
111
114
132
145
170
220
158
155
145
189
106
170
141
175
109
212
152
162
192
119
148
166
177
157
204
147
123
184
188
161
145
157
146
139
267
150
96
177
140
228
159
243
106
180
122
105
127
91
102
238
145
132
182
155
180
128
96
210
129
167
117
149
225
120
153
147
108
132
224
97
151
192
162
138
125
135
113
117
122
503
142
204
162
76
139
124
112
164
153
118
146
122
133
129
171
199
172
201
113
142
160
93
148
273
191
158
170
267
112
86
176
174
107
144
143
232
104
138
142
215
107
145
203
143
127
152
132
141
242
125
175
105
133
206
115
189
111
230
129
124
131
167
183
114
131
178
141
144
116
108
199
225
119
88
138
193
99
189
156
123
168
134
299
128
154
160
129
132
137
202
132
103
95
432
202
183
124
480
107
139
129
130
172
197
130
208
88
152
126
132
279
158
125
93
140
121
149
185
167
191
174
150
178
141
133
176
214
148
118
173
111
123
140
137
260
137
238
197
197
253
82
153
122
109
109
162
126
115
132
117
240
163
114
113
141
126
198
240
101
108
116
191
144
166
153
323
152
127
425
84
124
115
129
133
124
129
147
190
108
80
123
214
126
102
140
176
239
115
128
104
156
138
106
121
127
183
154
144
145
106
117
124
126
126
142
113
118
217
117
146
193
237
123
238
265
109
229
200
76
252
177
184
141
91
125
199
132
152
82
126
216
146
222
120
182
302
118
159
207
183
216
143
108
197
93
249
142
176
163
169
159
160
106
101
115
131
123
179
127
194
117
143
107
144
193
104
135
158
120
221
113
144
132
253
215
133
200
153
95
89
270
163
132
132
137
182
117
79
156
146
124
157
115
111
132
90
195
138
172
255
180
204
219
128
145
161
134
170
122
95
160
93
141
112
223
123
173
84
298
81
239
117
123
163
254
149
155
107
227
196
89
174
118
132
202
124
102
106
110
192
112
104
200
178
198
131
116
189
85
155
154
98
111
108
112
122
205
115
110
104
146
134
169
173
131
186
155
130
116
150
117
126
112
96
128
83
296
113
151
144
107
202
164
153
106
257
96
106
115
172
134
125
149
100
190
142
134
171
137
173
166
186
169
250
216
223
155
150
101
99
166
168
199
182
118
103
71
129
164
330
155
147
169
192
184
111
148
91
161
83
127
120
178
132
97
223
155
138
135
143
201
96
166
253
251
106
112
123
143
205
114
103
201
225
77
183
100
244
152
113
104
92
174
163
102
116
131
142
103
122
88
110
204
138
296
118
189
193
148
425
204
109
78
169
130
253
131
191
115
97
108
166
171
154
248
279
138
197
191
186
158
128
87
132
132
111
133
192
162
111
100
219
91
166
248
192
106
125
138
203
176
158
130
118
89
116
103
169
101
102
150
181
77
104
104
124
137
117
75
128
125
274
90
118
126
166
101
190
181
120
111
165
113
196
126
81
134
155
117
182
209
161
287
210
305
305
124
190
244
205
167
141
180
147
140
217
285
168
215
121
107
241
209
382
443
187
328
173
300
254
287
188
232
192
238
220
201
248
283
373
221
223
122
171
234
191
352
228
183
141
141
276
262
128
184
404
256
183
274
180
141
169
262
230
148
184
187
176
173
261
268
193
214
208
171
165
205
150
185
201
260
240
208
272
186
284
129
152
295
129
137
252
289
170
202
232
376
240
157
129
396
141
134
125
255
181
204
191
159
342
242
257
131
269
159
288
183
266
140
167
228
139
234
252
226
183
168
148
127
180
212
225
495
205
324
263
178
175
154
201
159
162
337
315
214
236
154
190
114
136
230
216
194
269
110
157
230
165
183
365
270
223
400
125
222
307
165
244
219
124
197
160
355
218
271
217
235
216
209
177
194
177
188
125
323
188
177
171
244
246
244
259
158
186
179
174
174
225
214
400
275
165
229
200
217
175
282
184
168
226
194
286
431
142
245
385
269
251
356
236
167
148
151
203
196
184
150
253
150
245
306
285
211
151
190
146
255
123
338
174
164
265
124
197
271
133
119
198
131
274
204
175
231
286
148
447
211
213
164
177
171
238
379
248
231
237
336
195
173
352
157
420
222
261
238
158
200
130
145
283
247
156
197
315
156
240
274
131
160
206
181
234
147
243
304
160
314
287
286
181
298
281
185
187
102
437
148
201
231
183
116
146
145
216
146
241
182
212
179
175
425
153
224
358
184
176
136
174
198
173
296
309
220
104
394
163
253
112
259
206
253
211
227
199
222
523
332
299
244
297
193
218
199
211
207
152
196
234
355
174
228
225
233
288
252
205
231
193
264
195
337
167
297
180
208
164
422
311
252
177
244
188
193
134
303
165
190
169
267
166
237
191
206
257
210
242
294
246
154
299
382
162
177
290
306
369
166
177
255
456
135
260
228
245
188
256
135
228
193
158
154
292
330
190
194
410
304
179
150
199
178
171
244
138
355
107
277
288
226
247
152
153
337
184
188
434
372
317
213
249
301
145
165
226
313
146
232
188
158
300
336
210
136
143
360
183
174
206
238
216
156
445
222
247
259
271
341
230
278
234
349
219
167
192
206
190
332
158
147
207
457
210
211
225
262
245
203
246
237
212
225
172
324
238
188
253
247
253
316
177
416
261
175
249
187
155
297
400
229
124
319
211
190
157
186
219
153
219
193
198
149
263
351
229
207
153
128
186
265
123
206
163
253
286
201
279
162
113
218
235
209
235
212
263
222
243
149
154
163
218
158
119
177
283
284
227
288
144
159
151
385
153
128
180
158
202
145
193
233
160
165
273
289
162
161
434
189
130
299
148
186
206
149
264
232
153
245
221
111
133
284
154
141
151
338
230
219
269
194
236
190
130
156
128
219
200
443
156
198
250
190
158
143
192
174
257
176
225
231
151
231
238
113
164
236
260
161
155
204
98
128
421
442
258
287
312
118
171
213
198
245
175
173
295
163
131
189
309
215
221
272
251
245
225
153
192
239
149
280
146
145
158
328
151
216
305
137
225
204
241
275
218
248
303
234
224
207
237
131
208
201
212
125
168
227
148
142
175
195
182
152
218
242
164
276
165
169
112
157
320
164
128
166
176
207
170
158
167
111
260
186
158
198
507
174
205
211
252
255
250
143
440
298
238
207
222
279
174
284
175
253
293
351
160
249
547
162
112
119
176
174
210
145
222
195
249
374
219
191
133
154
136
223
127
219
264
263
177
192
280
143
166
185
94
159
265
201
225
254
215
194
163
184
293
319
130
195
222
263
211
225
161
257
257
261
211
154
133
250
381
229
181
114
401
255
193
205
128
351
275
278
182
179
277
403
260
214
228
266
246
215
214
202
217
317
244
176
173
210
227
142
155
284
201
323
172
164
221
137
542
201
191
213
204
208
151
176
165
297
279
192
168
179
167
311
227
236
373
103
181
180
185
170
156
161
215
345
136
172
184
239
168
183
238
227
135
157
239
207
134
184
321
250
218
319
265
215
280
155
208
240
306
198
143
217
212
234
304
238
144
167
195
379
344
228
327
259
315
180
193
227
333
230
140
145
303
216
258
321
280
158
189
252
176
140
193
153
177
247
218
253
242
115
205
207
146
161
366
226
150
184
158
297
153
167
290
197
438
174
170
122
281
221
257
299
231
367
195
166
204
201
140
251
192
201
189
276
276
203
247
451
189
260
214
141
296
160
225
236
253
226
149
359
353
141
257
267
301
269
253
655
185
146
389
207
198
249
201
449
182
263
253
91
83
92
163
147
118
119
86
254
154
128
119
188
206
135
185
110
173
108
94
124
101
165
135
105
153
187
144
89
99
96
116
130
171
132
236
155
90
122
179
137
176
118
166
153
217
98
103
90
215
162
82
121
116
103
192
130
177
161
108
125
388
94
77
116
111
93
196
97
126
97
145
197
82
202
119
142
142
79
78
116
104
124
160
177
119
133
85
200
115
119
164
104
113
96
174
217
195
158
97
227
180
226
172
149
81
112
162
163
110
84
113
99
177
140
81
86
168
77
118
119
140
174
141
147
246
196
105
111
144
101
161
131
110
312
137
167
153
104
119
193
107
107
123
147
195
229
145
90
222
91
117
159
133
72
118
109
106
136
295
213
113
205
136
134
176
229
113
162
94
147
110
100
83
123
79
112
117
153
172
172
318
131
179
146
115
113
124
68
116
114
113
85
90
151
109
191
106
95
102
97
97
141
97
164
275
101
81
98
127
158
147
82
104
111
146
168
84
87
102
270
282
130
119
105
75
92
176
224
84
146
144
128
124
212
266
204
129
97
96
136
127
119
150
245
199
139
101
151
201
96
119
223
154
165
78
99
95
129
194
113
83
109
171
150
108
102
98
138
98
155
229
100
99
184
133
109
184
331
172
139
90
78
177
183
349
144
88
90
100
234
182
107
91
79
141
155
92
132
160
134
93
291
163
119
280
109
88
81
123
172
121
87
186
113
98
127
202
79
100
177
94
96
111
209
97
186
217
94
170
211
102
188
108
148
131
156
99
99
196
190
199
172
130
185
95
156
80
135
95
158
104
157
166
97
192
126
210
141
88
147
193
141
185
176
264
108
112
223
119
119
108
105
135
130
142
122
154
165
132
140
236
182
284
125
160
233
103
91
149
92
112
132
196
75
232
226
134
188
93
215
151
102
196
77
174
195
96
189
196
123
131
133
125
129
92
112
146
78
81
90
107
229
142
119
101
275
167
247
112
93
193
95
148
214
83
114
226
107
103
98
90
220
204
222
132
102
105
182
102
145
121
186
82
148
159
140
103
121
217
118
121
191
112
134
139
152
137
209
77
177
186
176
319
213
166
211
137
106
181
158
112
202
111
122
122
251
90
172
259
164
133
82
203
109
156
228
223
117
95
88
298
103
86
128
152
91
101
122
112
79
241
243
94
188
121
127
133
181
209
91
96
241
151
93
185
97
102
89
120
210
100
114
101
176
105
105
102
99
117
64
108
150
217
111
117
109
73
151
166
99
241
136
101
100
99
88
84
213
122
252
155
102
186
139
117
78
80
105
86
90
125
120
138
94
105
217
167
271
151
151
84
109
99
132
178
97
265
252
176
179
99
94
114
97
103
247
155
95
110
133
145
92
132
114
150
111
231
158
166
92
261
99
157
125
141
144
154
111
85
245
329
162
78
83
92
148
115
158
152
109
167
179
161
100
232
201
211
212
96
99
153
155
172
107
80
113
119
168
115
85
152
191
132
99
143
103
93
109
223
93
98
126
141
123
99
140
138
93
90
234
107
281
122
133
118
97
196
88
247
159
234
84
104
183
93
105
107
124
144
225
117
120
207
90
262
145
153
113
159
134
140
166
116
173
104
233
161
118
109
161
191
118
111
93
82
495
147
139
177
142
90
107
137
101
153
146
105
153
153
216
153
184
101
157
242
89
90
232
141
77
139
130
94
98
166
105
129
166
115
399
109
112
131
313
275
166
150
101
101
86
99
140
153
209
206
183
89
145
168
259
101
116
104
142
122
171
200
143
160
93
103
130
181
124
153
120
90
167
202
154
192
87
199
105
199
90
118
185
136
155
191
141
168
121
246
205
154
98
246
120
174
94
139
153
72
123
183
196
112
94
122
79
216
169
127
112
109
116
86
100
112
140
145
112
89
250
135
101
171
218
100
105
86
103
382
91
155
129
191
109
124
152
92
277
126
127
127
94
89
162
147
147
177
200
111
87
89
138
154
107
113
105
148
271
204
111
153
171
92
224
230
103
88
131
126
87
189
395
193
169
248
200
92
93
173
77
111
75
132
127
90
83
69
151
95
118
137
184
117
373
101
107
172
119
114
164
155
132
103
160
78
94
250
83
154
113
136
92
111
146
183
118
89
137
144
106
100
233
124
149
82
86
96
164
192
215
155
104
159
169
113
93
227
99
85
138
92
114
264
91
133
160
118
137
191
103
245
256
91
87
103
144
141
96
202
107
116
99
82
153
123
196
212
148
151
99
97
245
165
90
135
87
89
109
200
74
100
75
126
